,BedroomAbvGr,BsmtFullBath,BsmtHalfBath,Fireplaces,FullBath,GarageCars,HalfBath,KitchenAbvGr,MSSubClass,OverallCond,OverallQual,TotRmsAbvGrd,YearBuilt,YearRemodAdd,GarageYrBlt,LotArea,MasVnrArea,BsmtFinSF1,BsmtFinSF2,BsmtUnfSF,TotalBsmtSF,1stFlrSF,2ndFlrSF,LowQualFinSF,GrLivArea,GarageArea,WoodDeckSF,OpenPorchSF,EnclosedPorch,ScreenPorch,PoolArea,SalePrice
BedroomAbvGr,1.0,0.15067280920796106,0.04651884838995185,0.10756968099132405,0.3632519830232792,0.08610643768835352,0.22665148415094155,0.19859675770713586,0.02343802846062763,0.012980060094550657,0.10167635624178653,0.6766199357426479,0.06843054844417389,0.04050108127475104,0.00984474968393926,,,,,,,,,,,,,,,,,
BsmtFullBath,0.15067280920796106,1.0,0.14787096054760482,0.13792770842720137,0.0645120486313163,0.13188122440619826,0.030904959142533415,0.041502546431483184,0.00349102577904494,0.054941515432952504,0.11109778614230408,0.05327523612339759,0.18604109699728688,0.11934163575207529,0.049264702386384335,,,,,,,,,,,,,,,,,
BsmtHalfBath,0.04651884838995185,0.14787096054760482,1.0,0.028975586646260102,0.05453581198363702,0.02089105899687898,0.012339900052275348,0.03794435022720132,0.0023325345518021793,0.117820915081395,0.04015015766998875,0.023836341262220805,0.03984818839908297,0.012291953190037364,0.016812345661921118,,,,,,,,,,,,,,,,,
Fireplaces,0.10756968099132405,0.13792770842720137,0.028975586646260102,1.0,0.24367050307991178,0.30078876630134843,0.20364850809521526,0.12393623529689538,0.045569340274569284,0.02381997776166174,0.39676503795208756,0.3261144801771966,0.1477089302761886,0.11248848686051842,0.18626130357591017,,,,,,,,,,,,,,,,,
FullBath,0.3632519830232792,0.0645120486313163,0.05453581198363702,0.24367050307991178,1.0,0.4696720432676313,0.13638058874914522,0.13311521419603795,0.13160822241028183,0.19414948874930252,0.5505997093682552,0.5547842535334817,0.47477700247383764,0.439114138184382,0.1374632444430763,,,,,,,,,,,,,,,,,
GarageCars,0.08610643768835352,0.13188122440619826,0.02089105899687898,0.30078876630134843,0.4696720432676313,1.0,0.2191781521671551,0.05063389240221826,0.04010979313578374,0.1857575105783602,0.6006707165907189,0.3622885708147703,0.5434926532531269,0.42052678113764985,0.5980000305756941,,,,,,,,,,,,,,,,,
HalfBath,0.22665148415094155,0.030904959142533415,0.012339900052275348,0.20364850809521526,0.13638058874914522,0.2191781521671551,1.0,0.06826254889694165,0.17735438864391526,0.06076932676159386,0.27345809864277076,0.34341485754091505,0.2448081313892404,0.18319573674274087,0.11716368073204791,,,,,,,,,,,,,,,,,
KitchenAbvGr,0.19859675770713586,0.041502546431483184,0.03794435022720132,0.12393623529689538,0.13311521419603795,0.05063389240221826,0.06826254889694165,1.0,0.281721040264881,0.08700085543637874,0.18388223454922223,0.25604540853594737,0.17568434367390545,0.14959097717303896,0.15799065540845,,,,,,,,,,,,,,,,,
MSSubClass,0.02343802846062763,0.00349102577904494,0.0023325345518021793,0.045569340274569284,0.13160822241028183,0.04010979313578374,0.17735438864391526,0.281721040264881,1.0,0.05931581708410461,0.032627707521842186,0.04038006478367577,0.030108515513704276,0.040654581602444,0.08099682089330022,,,,,,,,,,,,,,,,,
OverallCond,0.012980060094550657,0.054941515432952504,0.117820915081395,0.02381997776166174,0.19414948874930252,0.1857575105783602,0.06076932676159386,0.08700085543637874,0.05931581708410461,1.0,0.09193234263907184,0.05758316611286472,0.37556158749798485,0.0738620439778265,0.006509065202608001,,,,,,,,,,,,,,,,,
OverallQual,0.10167635624178653,0.11109778614230408,0.04015015766998875,0.39676503795208756,0.5505997093682552,0.6006707165907189,0.27345809864277076,0.18388223454922223,0.032627707521842186,0.09193234263907184,1.0,0.42745234327798615,0.5807348540492772,0.5505650579145187,0.28899073399487124,,,,,,,,,,,,,,,,,
TotRmsAbvGrd,0.6766199357426479,0.05327523612339759,0.023836341262220805,0.3261144801771966,0.5547842535334817,0.3622885708147703,0.34341485754091505,0.25604540853594737,0.04038006478367577,0.05758316611286472,0.42745234327798615,1.0,0.10209891384226427,0.19162415240984212,0.09560513200578917,,,,,,,,,,,,,,,,,
YearBuilt,0.06843054844417389,0.18604109699728688,0.03984818839908297,0.1477089302761886,0.47477700247383764,0.5434926532531269,0.2448081313892404,0.17568434367390545,0.030108515513704276,0.37556158749798485,0.5807348540492772,0.10209891384226427,1.0,0.6010265402602388,0.27152119967585764,,,,,,,,,,,,,,,,,
YearRemodAdd,0.04050108127475104,0.11934163575207529,0.012291953190037364,0.11248848686051842,0.439114138184382,0.42052678113764985,0.18319573674274087,0.14959097717303896,0.040654581602444,0.0738620439778265,0.5505650579145187,0.19162415240984212,0.6010265402602388,1.0,0.14632855596143357,,,,,,,,,,,,,,,,,
GarageYrBlt,0.00984474968393926,0.049264702386384335,0.016812345661921118,0.18626130357591017,0.1374632444430763,0.5980000305756941,0.11716368073204791,0.15799065540845,0.08099682089330022,0.006509065202608001,0.28899073399487124,0.09560513200578917,0.27152119967585764,0.14632855596143357,1.0,,,,,,,,,,,,,,,,,
LotArea,,,,,,,,,,,,,,,,1.0,0.16077052995356958,0.23236478876709923,0.09839812526251755,0.04041854282129297,0.33120079940406294,0.4166317740505944,0.10477037630431164,0.013372158172760417,0.39364253583322545,0.3014131707303736,0.2227847522037545,0.16025699383718625,0.01856580369271321,0.09556827419144531,,0.3868834973977279
MasVnrArea,,,,,,,,,,,,,,,,0.16077052995356958,1.0,0.24506593615647917,0.076070353642855,0.11278466903707196,0.35984000199780314,0.3446373190899584,0.15918503347391305,0.0744546108691504,0.37865519709816725,0.38212157231510224,0.17007089796656666,0.1465427492052533,0.11421257401570836,0.06162738697810445,,0.4719182219019803
BsmtFinSF1,,,,,,,,,,,,,,,,0.23236478876709923,0.24506593615647917,1.0,0.04880492574585314,0.5265242460820455,0.46437986056400027,0.3915663953932743,0.16627725811391655,0.06619774904322225,0.13780296494383606,0.27565922142005655,0.2070690443530215,0.0915075638044047,0.11066620760103373,0.07003977962485516,,0.3948312062446624
BsmtFinSF2,,,,,,,,,,,,,,,,0.09839812526251755,0.076070353642855,0.04880492574585314,1.0,0.21442008908509716,0.10073831179069756,0.0967228413704598,0.10603561415608824,0.019565811388507125,0.015705954497371742,0.02047460446512326,0.06787647388893062,0.011955840531907463,0.041558801885792696,0.08748161859154506,,0.023421554481805478
BsmtUnfSF,,,,,,,,,,,,,,,,0.04041854282129297,0.11278466903707196,0.5265242460820455,0.21442008908509716,1.0,0.4313795802329769,0.32132292927593514,0.005003165641800659,0.020073111414932742,0.24554427117773647,0.18032925933170854,0.0067204337692477615,0.13187673828233312,0.0031731080024944244,0.015582439863440248,,0.21468587484816481
TotalBsmtSF,,,,,,,,,,,,,,,,0.33120079940406294,0.35984000199780314,0.46437986056400027,0.10073831179069756,0.4313795802329769,1.0,0.8037908581935536,0.2107700335868358,0.04211407495722497,0.4057809724071277,0.48393301820367696,0.24108308449449592,0.2387058033217943,0.1134252318201662,0.09010145706282961,,0.6469362281593852
1stFlrSF,,,,,,,,,,,,,,,,0.4166317740505944,0.3446373190899584,0.3915663953932743,0.0967228413704598,0.32132292927593514,0.8037908581935536,1.0,0.23608312182206384,0.020368050861838034,0.5299823830745712,0.4866437177764066,0.23904906274000642,0.19883945458962532,0.08643418553932256,0.09590152144334672,,0.6278646602310144
2ndFlrSF,,,,,,,,,,,,,,,,0.10477037630431164,0.15918503347391305,0.16627725811391655,0.10603561415608824,0.005003165641800659,0.2107700335868358,0.23608312182206384,1.0,0.060737346452126716,0.6895929716630761,0.13698515991112953,0.0872861178943043,0.20994180963016165,0.0514987901789282,0.028070508733068933,,0.3021485528172907
LowQualFinSF,,,,,,,,,,,,,,,,0.013372158172760417,0.0744546108691504,0.06619774904322225,0.019565811388507125,0.020073111414932742,0.04211407495722497,0.020368050861838034,0.060737346452126716,1.0,0.12654706612271957,0.06834816241833572,0.024875581307358348,0.015466277129564169,0.03903948617994737,0.0019788011830236137,,0.038940799296773215
GrLivArea,,,,,,,,,,,,,,,,0.39364253583322545,0.37865519709816725,0.13780296494383606,0.015705954497371742,0.24554427117773647,0.4057809724071277,0.5299823830745712,0.6895929716630761,0.12654706612271957,1.0,0.46699952474028256,0.24829978373725944,0.3271557107445114,0.003785443158880136,0.0932212107550166,,0.7216564115080673
GarageArea,,,,,,,,,,,,,,,,0.3014131707303736,0.38212157231510224,0.27565922142005655,0.02047460446512326,0.18032925933170854,0.48393301820367696,0.4866437177764066,0.13698515991112953,0.06834816241833572,0.46699952474028256,1.0,0.22911887880450568,0.2547755984190623,0.13331776844495533,0.05301181446793936,,0.6484814505727262
WoodDeckSF,,,,,,,,,,,,,,,,0.2227847522037545,0.17007089796656666,0.2070690443530215,0.06787647388893062,0.0067204337692477615,0.24108308449449592,0.23904906274000642,0.0872861178943043,0.024875581307358348,0.24829978373725944,0.22911887880450568,1.0,0.06632357460153998,0.13110464257558718,0.07345540098555801,,0.3368899262765031
OpenPorchSF,,,,,,,,,,,,,,,,0.16025699383718625,0.1465427492052533,0.0915075638044047,0.011955840531907463,0.13187673828233312,0.2387058033217943,0.19883945458962532,0.20994180963016165,0.015466277129564169,0.3271557107445114,0.2547755984190623,0.06632357460153998,1.0,0.09946286766091175,0.03477485052310594,,0.34956096055260855
EnclosedPorch,,,,,,,,,,,,,,,,0.01856580369271321,0.11421257401570836,0.11066620760103373,0.041558801885792696,0.0031731080024944244,0.1134252318201662,0.08643418553932256,0.0514987901789282,0.03903948617994737,0.003785443158880136,0.13331776844495533,0.13110464257558718,0.09946286766091175,1.0,0.0862968700508595,,0.14288084809440407
ScreenPorch,,,,,,,,,,,,,,,,0.09556827419144531,0.06162738697810445,0.07003977962485516,0.08748161859154506,0.015582439863440248,0.09010145706282961,0.09590152144334672,0.028070508733068933,0.0019788011830236137,0.0932212107550166,0.05301181446793936,0.07345540098555801,0.03477485052310594,0.0862968700508595,1.0,,0.10355625358416476
PoolArea,,,,,,,,,,,,,,,,,,,,,,,,,,,,,,,,
SalePrice,,,,,,,,,,,,,,,,0.3868834973977279,0.4719182219019803,0.3948312062446624,0.023421554481805478,0.21468587484816481,0.6469362281593852,0.6278646602310144,0.3021485528172907,0.038940799296773215,0.7216564115080673,0.6484814505727262,0.3368899262765031,0.34956096055260855,0.14288084809440407,0.10355625358416476,,1.0
